391555716
-119285557
-5841232
-103339804
-143287074
-4539929
-184273389
20412422
-35876287
-2417215
0
0
0
0
0
0
0
0
0
0
0
0
0
-8204340
119795
-59480440
208545221
31123909
-235177812
-22211557
33976757
2070509608
161640663
-69992716
3554190
328553820
-81833327
-109166891
-5826392
52668371
-80664004
-29439781
53059644
-229055915
-70287898
-92784732
213321826
9869162
-318461435
-52078911
-26656487
2771923640
156992935
-7630739
-138909326
6516793
-38922503
-154021597
-618430090
-34008720
-25035432
28599580
-14306282
226755053
-38650647
0
0
5339049
-29430833
35610903
31793052
108861683
27904838
-135244022
-84209050
61930959
-64941265
50472567
-2632487
16817665
-250150971
1366066394
179262690
35898562
855179311
-92246901
-25145235
40131103
-13758737
272501507
-1414497873
-398870533
-62224969
-464510752
-76920145
-62197905
-320162011
-43413798
-41485702
24670813
-328467056
268796255
74323475
16644953
325665196
-11099750
451171764
-11123659
-14261597
-369569242
259524948
141706788
-19204380
-11584330
206926116
-166226730
-7721042
-33439608
5317875
69573009
0
0
0
0
0
0
0
0
0
0
15921
-28010584
-400116435
-801680498
-42732995
496080
11434193
-72272274
-20428508
-30299726
-67973447
-24185562
861137443
313356588
-49698687
-11669747
-12955185
31804079
-435987606
-33363696
-1549796385
-81579641
-72490922
8821537
-53868825
-90763927
272514070
-62648474
-67620890
3192720653
-242410141
192928498
-201998182
-17168277
-6549459
-264636323
-75053117
23199086
-161373914
0
-2354086
-41947962
-133649691
70359438
-132082387
-59624660
0
0
0
27849959
23073828
-270727502
-11036425
-252152164
0
0
0
-734270948
-8371058
227907534
-77600596
29420680
-30466584
-10038291
0
0
0
0
0
0
0
0
0
0
0
14925934
-11486526
-728473
254097717
-92425003
77772851
1037768920
-26146332
-21510238
-139091008
-125973120
7927267
3601193
-50003434
31281511
6407494
-51651145
79703308
-107182901
-420261235
-2403025
-249268724
-201910308
-161495577
-108590702
75718264
-71503037
-55608969
-496151047
-38980377
10927917
-11534069
27567393
10040118
-388246009
-449518693
-59946633
10915870570
-114338991
-51318396
-29595513
11660767
-2263186
219606369
-298249797
130210460
-8166114
0
0
13387993
28851214
-20844406
-1329956
0
0
-40665465
-594683199
-227745267
-57871283
-75492025
-203671480
-174630067
42399457
-30979335
-31987021
-27564155
-14087353
-14112194
810345
-151954694
98205348
3391963
3013550
291571082
-3651375
25758126
7268169
-63577342
-551295776
-9845615
143087921
0
0
0
0
0
0
0
0
0
0
0
0
0
-20377646
-55075587
-21792771
-16687744
24898039
-3985826
-3420644
-47564059
9622311
183472425
23942081
-305481801
-33072893
26263578
41575674
-325655453
-37692962
-3497976
-20860215
132630140
-33219848
87893109
1670195759
290847505
-12409549
-79371969
2671097
0
0
0
0
0
0
0
0
0
0
0
0
0
0
64045269
25001250
290314218
-7383150
7132819
30136948
30325065
-32267232
22907004
88372388
-15361728
-81820119
99022018
-158005083
62729272
-19635525
9746977
1363258
165275336
-57910936
-93191250
62130948
-6057593
3663553615
23612926
-77727757
-347726382
-213796364
-152279077
5558160
-3572536303
-46754952
7174543
13411330
-34777196
-118635072
127886331
290016460
-24113381
1765528195
-277171016
-28739686
-187321314
-351277401
420558
1497952905
-419337324
-37940255
-56975546
69084716
-50066813
-22306420
-3097089
-13766639
-2597569
-182633271
-36964058
72274834
-67276604
-77921903
688651520
-40175859
-36964989
-131843514
-1036386513
-22720438
23207536
-26805359
-50169051
-47995290
-45003001
-187928728
-169436655
-48684035
-1001657764
-2327636289
147613003
-66324205
-12902827
-42549553
-242938821
-126297731
35019533
-38966536
9721545
-22154250
-206053839
8337173
2210351
-31564885
-33880254
-32363343
-27513909
-3723064797
-288329046
-5420206
-7759855
-92589172
0
0
0
0
0
0
0
0
0
0
0
0
0
0
13418357
4688510
89114360
